[{"id": 0, "img_name": "000", "width": 2272, "height": 1704, "position": [0.5098237199743874, 0.7440744767894222, -0.6062747628131286], "rotation": [[0.9948662613837979, -0.10009727603931376, 0.014888159380341704], [0.10116882459425736, 0.9873114046829831, -0.12239713686655962], [-0.0024476295555956092, 0.1232749995433963, 0.9923695297605294]], "fy": 4513.79150390625, "fx": 4513.791503906249}, {"id": 1, "img_name": "001", "width": 2272, "height": 1704, "position": [0.0895887224132832, -1.5751507826981932, 0.13238701819173126], "rotation": [[0.8727239087320044, 0.4657984667819069, 0.146235315403485], [-0.4438450064228631, 0.6322170052816946, 0.6350616257546463], [0.2033582784177241, -0.6191392788188054, 0.7584932194968581]], "fy": 4513.79150390625, "fx": 4513.791503906249}, {"id": 2, "img_name": "002", "width": 2272, "height": 1704, "position": [0.5383316962520845, -0.11227610857995235, -0.5836196974258394], "rotation": [[0.9944052905494788, 0.10556952401630562, 0.0036323169159228996], [-0.10483742360828119, 0.9821319325548122, 0.156288136681348], [0.012931849766558333, -0.15579455271324663, 0.987704826659511]], "fy": 4513.79150390625, "fx": 4513.791503906249}, {"id": 3, "img_name": "003", "width": 2272, "height": 1704, "position": [-0.8307477785128067, -2.1649908827960074, 1.4271470433168898], "rotation": [[0.6440275337128903, 0.6239276688349434, 0.44265426676118774], [-0.5572413606451329, -0.013829267283378957, 0.8302353987591505], [0.5241284211012153, -0.7813597221693719, 0.338771874224159]], "fy": 4513.79150390625, "fx": 4513.791503906249}, {"id": 4, "img_name": "004", "width": 2272, "height": 1704, "position": [0.5462521213945529, 0.31539145757986325, -0.6249313828879531], "rotation": [[0.9999952959499561, 0.0022970257664861582, 0.002032670801619239], [-0.002331221366454749, 0.9998530496127056, 0.016983656470653846], [-0.001993360203335458, -0.01698831518428758, 0.9998537011294697]], "fy": 4513.79150390625, "fx": 4513.791503906249}, {"id": 5, "img_name": "005", "width": 2272, "height": 1704, "position": [0.2607756402604425, -1.2679056654589393, -0.12345060109592344], "rotation": [[0.9168092381128311, 0.38879120325059235, 0.0911165253174577], [-0.3745697839848396, 0.7581966218990489, 0.533699690337573], [0.138413503085938, -0.5234303036850535, 0.8407511042797693]], "fy": 4513.79150390625, "fx": 4513.791503906249}, {"id": 6, "img_name": "006", "width": 2272, "height": 1704, "position": [-0.5138573170656743, 2.6289101430460957, 0.627771114414394], "rotation": [[0.7674444339504379, -0.5355465647245908, 0.3524470425612644], [0.5836130633674256, 0.3560210991300899, -0.7298251634748503], [0.2653767756707081, 0.7657929576497112, 0.5857783821111243]], "fy": 4513.79150390625, "fx": 4513.791503906249}, {"id": 7, "img_name": "007", "width": 2272, "height": 1704, "position": [-0.11102845703447588, -1.8233143882312064, 0.42246463149760144], "rotation": [[0.821371761980616, 0.5299053304662614, 0.21106579392289185], [-0.49882639578069227, 0.48787090499254665, 0.7163478253852649], [0.2766236712454349, -0.693673064782824, 0.6650541509542676]], "fy": 4513.79150390625, "fx": 4513.791503906249}, {"id": 8, "img_name": "008", "width": 2272, "height": 1704, "position": [-0.3347699711820467, -2.009123228582865, 0.7415129844460387], "rotation": [[0.7650368147854469, 0.5784342503445532, 0.2830768271181386], [-0.5361851570987001, 0.32866928211229435, 0.7774843923210494], [0.35668494407527207, -0.7465857760660352, 0.5615919600972722]], "fy": 4513.79150390625, "fx": 4513.791503906249}, {"id": 9, "img_name": "009", "width": 2272, "height": 1704, "position": [0.4862820341669977, -0.5259906660981643, -0.4842745859355345], "rotation": [[0.9782846384346202, 0.2063344975468173, 0.019627565436064923], [-0.2030277025748884, 0.9349215728058291, 0.2910350574921131], [0.041700338008309086, -0.2887000655080933, 0.9565110318159512]], "fy": 4513.79150390625, "fx": 4513.791503906249}, {"id": 10, "img_name": "010", "width": 2272, "height": 1704, "position": [-0.7661326309854659, 2.733520068034124, 0.9531892922116436], "rotation": [[0.7070292320211965, -0.5576516995422195, 0.4348956737715277], [0.6187957344551933, 0.1901404721019629, -0.7621931775402482], [0.3423470521087847, 0.8080044448309158, 0.47950736495481316]], "fy": 4513.79150390625, "fx": 4513.791503906249}, {"id": 11, "img_name": "011", "width": 2272, "height": 1704, "position": [0.3085844821705594, 1.5555417598701622, -0.38925036708917404], "rotation": [[0.9533634853812322, -0.29044359328149144, 0.08210105884508793], [0.2991381812359761, 0.8730378409408553, -0.38512501452406633], [0.04017976192788273, 0.39172368757462894, 0.9192051671549466]], "fy": 4513.79150390625, "fx": 4513.791503906249}, {"id": 12, "img_name": "012", "width": 2272, "height": 1704, "position": [-0.049153175298578766, 2.212615730561104, 0.04345746061605234], "rotation": [[0.874609773135345, -0.44161628388371416, 0.20008198955647907], [0.46621075020207015, 0.6528054891021015, -0.5970699538531384], [0.1330611931863049, 0.6154835913384734, 0.7768363197359736]], "fy": 4513.79150390625, "fx": 4513.791503906249}, {"id": 13, "img_name": "013", "width": 2272, "height": 1704, "position": [0.4304239910965991, 1.1616046976156582, -0.5274548989163806], "rotation": [[0.9791673249441867, -0.19874380150774165, 0.04162032104509781], [0.20270652629820912, 0.9447289008431309, -0.25767686762269393], [0.011891760078267817, 0.2607454798725785, 0.9653343362629653]], "fy": 4513.79150390625, "fx": 4513.791503906249}, {"id": 14, "img_name": "014", "width": 2272, "height": 1704, "position": [0.39320067730487424, -0.9151316994687158, -0.32939388444993584], "rotation": [[0.9521615637901703, 0.30165022479757486, 0.04894382821388416], [-0.293807972676851, 0.8595662809145252, 0.418118026287184], [0.08405493222991955, -0.41249600070103004, 0.9070732152221669]], "fy": 4513.79150390625, "fx": 4513.791503906249}, {"id": 15, "img_name": "015", "width": 2272, "height": 1704, "position": [-0.5793215634819585, -2.1230671414501203, 1.0816926867324843], "rotation": [[0.7048057911512319, 0.6101556017471818, 0.36188249255279065], [-0.5562222970289641, 0.1586909750890054, 0.8157413381171285], [0.44030166141806576, -0.7762263304486874, 0.4512284685950742]], "fy": 4513.79150390625, "fx": 4513.791503906249}, {"id": 16, "img_name": "016", "width": 2272, "height": 1704, "position": [0.1469017903561474, 1.9097733647503607, -0.1966991800442185], "rotation": [[0.9182091563413898, -0.3721871490819848, 0.13553107123112948], [0.3877406678995575, 0.7746772000492018, -0.4995321913357874], [0.08092663138694296, 0.5112259400520998, 0.8556277920627686]], "fy": 4513.79150390625, "fx": 4513.791503906249}, {"id": 17, "img_name": "017", "width": 2272, "height": 1704, "position": [-0.2713179995134567, 2.45295811868575, 0.3196354889544114], "rotation": [[0.8239579924047374, -0.4965345082029475, 0.2730324319856741], [0.532132674761537, 0.5124200895268739, -0.6739884778691713], [0.19475123415138304, 0.7006276714581913, 0.6864348641958575]], "fy": 4513.79150390625, "fx": 4513.791503906249}]