[{"id": 0, "img_name": "000", "width": 2272, "height": 1704, "position": [-0.04182750957939554, 2.501828893855617, 0.0907391579131464], "rotation": [[0.9994311576759254, -0.03329126629269782, 0.005390051501475786], [0.03372321604463362, 0.9849967866813906, -0.16924560534011643], [0.0003252171072458047, 0.16933110114791128, 0.9855591673856365]], "fy": 4400.748046875, "fx": 4400.748046875}, {"id": 1, "img_name": "001", "width": 2272, "height": 1704, "position": [0.0076946654728864096, -2.492152676269522, 0.05171210573800483], "rotation": [[0.9994886129899649, 0.03192440717721024, 0.0018288602406011972], [-0.03179279311494411, 0.9859861208022226, 0.16376992364697324], [0.0034250269117668125, -0.1637443184106513, 0.9864968663806719]], "fy": 4400.748046875, "fx": 4400.748046875}, {"id": 2, "img_name": "002", "width": 2272, "height": 1704, "position": [0.034132845589855264, -0.009676352141248746, -0.142451269181261], "rotation": [[0.9999999310825122, -0.0003347107007189547, 0.00016063535484334647], [0.0003349477951311172, 0.9999988513241841, -0.00147822876676606], [-0.000160140391339052, 0.0014782824693481721, 0.999998894517387]], "fy": 4400.748046875, "fx": 4400.748046875}]