[{"id": 0, "img_name": "000", "width": 2272, "height": 1704, "position": [-1.2582876502955858, 0.24696432753050704, -0.41169502609145014], "rotation": [[0.9844147960225555, -0.0770751123686513, 0.158072566959704], [0.07272486687110662, 0.9968015883750887, 0.03313136205289307], [-0.1601205892771137, -0.021119196629129613, 0.9868715095813081]], "fy": 4248.2158203125, "fx": 4248.2158203125}, {"id": 1, "img_name": "001", "width": 2272, "height": 1704, "position": [-0.6015864973250982, 0.30012893447535394, -0.46627624313381605], "rotation": [[0.9999824973239669, 0.0034629728182507275, 0.00479717260293789], [-0.0035614161605492835, 0.9997800739428357, 0.02066688321419712], [-0.004724548724873062, -0.020683606216468652, 0.9997749082034557]], "fy": 4248.2158203125, "fx": 4248.2158203125}, {"id": 2, "img_name": "002", "width": 2272, "height": 1704, "position": [2.333384167698621, -0.18591935049563008, 0.7272955376354622], "rotation": [[0.6468580153070922, 0.34533813020999365, -0.6799384412254059], [-0.3533507475451895, 0.9258342074168913, 0.13406815276564474], [0.675809113020996, 0.15353369727783514, 0.7209087643786645]], "fy": 4248.2158203125, "fx": 4248.2158203125}, {"id": 3, "img_name": "003", "width": 2272, "height": 1704, "position": [3.0216545568705797, -0.6630216752782929, 1.748209779987345], "rotation": [[0.3473760017798734, 0.41538678073264657, -0.8407043093620951], [-0.43934980267136836, 0.8641393340929112, 0.24542812016166654], [0.8284332587964217, 0.2841074333170955, 0.4826813670051011]], "fy": 4248.2158203125, "fx": 4248.2158203125}, {"id": 4, "img_name": "004", "width": 2272, "height": 1704, "position": [-2.488461037813644, -0.004479305502710091, -0.0012065432556058343], "rotation": [[0.8650372614129788, -0.23133652774154792, 0.44518978795522496], [0.2128231831956638, 0.9727548956179783, 0.0919467549493794], [-0.45433118873966705, 0.015209338701612186, 0.890703007154832]], "fy": 4248.2158203125, "fx": 4248.2158203125}, {"id": 5, "img_name": "005", "width": 2272, "height": 1704, "position": [-1.8941974084503062, 0.14446440878187247, -0.25479977359880035], "rotation": [[0.9389699941534213, -0.1561094305251876, 0.30653742965684616], [0.14556372049569496, 0.9876986505835146, 0.05711898905753971], [-0.311683418479353, -0.009012288089369453, 0.9501432656754553]], "fy": 4248.2158203125, "fx": 4248.2158203125}, {"id": 6, "img_name": "006", "width": 2272, "height": 1704, "position": [0.6967102881251418, 0.25103354881294404, -0.27012174101063235], "rotation": [[0.9410942948890539, 0.159379144866971, -0.2982277926497584], [-0.15699649303142454, 0.98707757022249, 0.03209316967049276], [0.29948894687969385, 0.01661801868870775, 0.953955036755797]], "fy": 4248.2158203125, "fx": 4248.2158203125}, {"id": 7, "img_name": "007", "width": 2272, "height": 1704, "position": [-3.0231096278284273, -0.19463490418356685, 0.34243106277589674], "rotation": [[0.764870355424618, -0.30035141323199005, 0.5698792573538406], [0.27243812842180937, 0.9524653509213613, 0.13633496057970462], [-0.5837386449213726, 0.05097826854449106, 0.8103396883786239]], "fy": 4248.2158203125, "fx": 4248.2158203125}, {"id": 8, "img_name": "008", "width": 2272, "height": 1704, "position": [1.853108458232044, 0.0031967618932204262, 0.31096790957777143], "rotation": [[0.7693353390026468, 0.2924883415076999, -0.5679557256017034], [-0.2952337102363098, 0.9511832840993366, 0.08993006388357219], [0.5665334875378375, 0.09849329993494865, 0.8181313325903973]], "fy": 4248.2158203125, "fx": 4248.2158203125}, {"id": 9, "img_name": "009", "width": 2272, "height": 1704, "position": [1.3028587924552226, 0.14983309442760512, -0.024637516609269966], "rotation": [[0.8682965209616372, 0.2298189853515074, -0.4395957070512864], [-0.2290142730083203, 0.9718273011780701, 0.055714984011655304], [0.44001547068755137, 0.05229656448517541, 0.896466092442241]], "fy": 4248.2158203125, "fx": 4248.2158203125}, {"id": 10, "img_name": "010", "width": 2272, "height": 1704, "position": [2.7271923018644104, -0.41045857005851155, 1.2114577358894496], "rotation": [[0.5047311450908647, 0.3866832973679299, -0.7718306152984146], [-0.4017339335137432, 0.8965710620366045, 0.18646763092325297], [0.7641049128482552, 0.21595452821189068, 0.6078711408727512]], "fy": 4248.2158203125, "fx": 4248.2158203125}, {"id": 11, "img_name": "011", "width": 2272, "height": 1704, "position": [0.056471036060007335, 0.30195871847426636, -0.41823384256203655], "rotation": [[0.9853712862283902, 0.08304461063745122, -0.14881875191212302], [-0.08093209171628664, 0.9965147848674222, 0.02020594147922161], [0.14997808108865265, -0.007866141665980927, 0.9886580293550729]], "fy": 4248.2158203125, "fx": 4248.2158203125}]