[{"id": 0, "img_name": "000", "width": 2272, "height": 1704, "position": [-0.1750991889085877, -1.6497456382479456, 0.5608761820814157], "rotation": [[0.9751911240088404, 0.16020155795600094, 0.1527669220834297], [-0.1724286679799728, 0.1169565088831955, 0.978053950193192], [0.13881868070626124, -0.9801309279164316, 0.141678290604623]], "fy": 4772.2802734375, "fx": 4772.2802734375}, {"id": 1, "img_name": "001", "width": 2272, "height": 1704, "position": [0.0763657393510274, 0.9934547111619174, -1.1266817103694233], "rotation": [[0.9974941191166589, -0.06348698085523324, 0.031223157905118797], [0.0698518606936423, 0.9538197534965637, -0.2921448192205203], [-0.011233872231635954, 0.2935937347792724, 0.9558642785526832]], "fy": 4772.2802734375, "fx": 4772.2802734375}, {"id": 2, "img_name": "002", "width": 2272, "height": 1704, "position": [1.013206652656894, 0.6110246415041878, -0.7856461334312443], "rotation": [[-0.01847000542810815, 0.8793006260046918, -0.4759088862453009], [-0.9979669725182747, 0.012826292439099914, 0.06242922380564893], [0.060998202122642696, 0.4760944185033299, 0.8772760819763533]], "fy": 4772.2802734375, "fx": 4772.2802734375}, {"id": 3, "img_name": "003", "width": 2272, "height": 1704, "position": [-0.1268859652695516, -1.5788596613625019, 0.21810577785562701], "rotation": [[0.9800124737480725, 0.15098764121378377, 0.12953101365650285], [-0.16876946658326897, 0.28630054061911175, 0.943158983199759], [0.10532055092612402, -0.9461684483441107, 0.30606020471586254]], "fy": 4772.2802734375, "fx": 4772.2802734375}, {"id": 4, "img_name": "004", "width": 2272, "height": 1704, "position": [-0.19736580452811656, 2.3697259877146117, 0.31796208157216116], "rotation": [[0.973259648025421, -0.1624635235130215, 0.16239230601591806], [0.1980472582768162, 0.23531985840997074, -0.9515260625579035], [0.1163741423790943, 0.958243271703822, 0.261202777971225]], "fy": 4772.2802734375, "fx": 4772.2802734375}, {"id": 5, "img_name": "005", "width": 2272, "height": 1704, "position": [0.8679255778404711, 0.7517623820261871, -0.9990051869164471], "rotation": [[0.9245352865547555, -0.05308395604518795, -0.377381236319069], [0.030822084588050806, 0.9974227189819869, -0.06479134788092718], [0.37984799988516915, 0.04827021099159231, 0.9237886574937277]], "fy": 4772.2802734375, "fx": 4772.2802734375}, {"id": 6, "img_name": "006", "width": 2272, "height": 1704, "position": [0.014552603720466165, 1.6050635575679875, -0.8204500098257862], "rotation": [[0.9918350294141813, -0.11215031402091138, 0.060708990207227115], [0.12637975545921729, 0.8006639096556314, -0.5856325308459458], [0.017071374784670003, 0.5885232457940553, 0.8083000416448036]], "fy": 4772.2802734375, "fx": 4772.2802734375}, {"id": 7, "img_name": "007", "width": 2272, "height": 1704, "position": [0.032606148665541755, -0.7235019907216724, -0.9053178281562486], "rotation": [[0.9956914737099798, 0.0761823389679489, 0.05286530441245231], [-0.09264422632649959, 0.8415223467005538, 0.5322191159024232], [-0.003941637935305516, -0.5348237010763129, 0.8449544793995839]], "fy": 4772.2802734375, "fx": 4772.2802734375}, {"id": 8, "img_name": "008", "width": 2272, "height": 1704, "position": [0.05523581191140306, -0.40538288363506186, -1.0688802986164596], "rotation": [[0.997906335330251, 0.049160981843862535, 0.042025513344830345], [-0.06147104416454296, 0.9229429643470197, 0.37999683589690153], [-0.020106134314430157, -0.3817846021338254, 0.9240326081564693]], "fy": 4772.2802734375, "fx": 4772.2802734375}, {"id": 9, "img_name": "009", "width": 2272, "height": 1704, "position": [-0.33701914932909677, -1.3625835440548262, 1.867932230838973], "rotation": [[0.9603746277699112, 0.15690628402470855, 0.23034971753697012], [-0.11598913534163247, -0.5265076107662324, 0.8422210257930716], [0.25343065090573574, -0.8355657687093163, -0.4874451264939511]], "fy": 4772.2802734375, "fx": 4772.2802734375}, {"id": 10, "img_name": "010", "width": 2272, "height": 1704, "position": [0.0437259177177385, 1.3113478163808043, -0.9996909808294909], "rotation": [[0.9948945169521933, -0.08933218037568195, 0.046953825060254646], [0.1008990100324429, 0.890019664297935, -0.4446171239813691], [-0.0020712105000111926, 0.4470847332579338, 0.8944892125535929]], "fy": 4772.2802734375, "fx": 4772.2802734375}, {"id": 11, "img_name": "011", "width": 2272, "height": 1704, "position": [-0.3886370466474236, -1.174715076985554, 2.126173230104412], "rotation": [[0.9557521368645763, 0.14746075872001443, 0.254545040251257], [-0.0990196263063429, -0.6535333738275355, 0.7503927257774763], [0.2770071596275962, -0.7423944059132694, -0.6100144093246774]], "fy": 4772.2802734375, "fx": 4772.2802734375}, {"id": 12, "img_name": "012", "width": 2272, "height": 1704, "position": [-0.590623462730537, 0.493632146358048, 2.8121738564912846], "rotation": [[0.936509011742283, 0.009958873565078666, 0.35050205671694296], [0.030624508838920837, -0.9980999222150618, -0.05346666936197191], [0.34930360774527824, 0.060805971019319664, -0.9350345573851966]], "fy": 4772.2802734375, "fx": 4772.2802734375}, {"id": 13, "img_name": "013", "width": 2272, "height": 1704, "position": [-0.07633075933609061, 2.088160275752487, -0.32242539252570873], "rotation": [[0.9837515311652284, -0.1463304329211204, 0.10402081200984016], [0.16850039895297061, 0.5525317535693625, -0.8162819836614397], [0.06197209438738343, 0.8205461996126012, 0.5682106949174384]], "fy": 4772.2802734375, "fx": 4772.2802734375}, {"id": 14, "img_name": "014", "width": 2272, "height": 1704, "position": [-0.4345058129997806, 2.20742619587457, 1.6773663730511854], "rotation": [[0.9511097990002104, -0.13633398988345458, 0.2771338908330003], [0.19252279544432507, -0.43993350570052975, -0.8771507759765957], [0.24150594916084733, 0.8876212896075103, -0.39217766733384785]], "fy": 4772.2802734375, "fx": 4772.2802734375}, {"id": 15, "img_name": "015", "width": 2272, "height": 1704, "position": [-0.32597846124145413, 2.4078608765529483, 1.0045189394914606], "rotation": [[0.9613587449405132, -0.15871534063271672, 0.2249417795213725], [0.2100102089904127, -0.10550898411253072, -0.9719894888276029], [0.1780030214524581, 0.9816706652026344, -0.06810014269010971]], "fy": 4772.2802734375, "fx": 4772.2802734375}, {"id": 16, "img_name": "016", "width": 2272, "height": 1704, "position": [1.001685970084579, 0.2745030312411933, -0.7485411008429204], "rotation": [[0.8833240959533974, 0.07215510429611124, -0.4631761894054254], [0.06200322564541656, 0.9614163465801961, 0.2680190451030518], [0.46464410199385586, -0.26546609849923486, 0.8447683759646296]], "fy": 4772.2802734375, "fx": 4772.2802734375}, {"id": 17, "img_name": "017", "width": 2272, "height": 1704, "position": [-0.2652669175021989, -1.6110485247543105, 1.2606318253063997], "rotation": [[0.9667388634477465, 0.16407818353150813, 0.19619969314135086], [-0.15625853332834788, -0.22840287039319157, 0.9609450554314873], [0.2024826922525308, -0.9596408070133071, -0.19516731502230403]], "fy": 4772.2802734375, "fx": 4772.2802734375}, {"id": 18, "img_name": "018", "width": 2272, "height": 1704, "position": [0.0732952066464495, 0.651448531998276, -1.2035120071634122], "rotation": [[0.9988205087573823, -0.035505844290245225, 0.03311987782104236], [0.03945455355791689, 0.9910668520794261, -0.1273963614587255], [-0.028300697680258346, 0.12855282855936553, 0.9912987646417185]], "fy": 4772.2802734375, "fx": 4772.2802734375}, {"id": 19, "img_name": "019", "width": 2272, "height": 1704, "position": [0.07247800224751627, -0.06292204629481338, -1.175133566253514], "rotation": [[0.9992090829966646, 0.021146840899228088, 0.0336752071552257], [-0.027932989082525103, 0.9760099955607712, 0.2159264612926796], [-0.02830117626319026, -0.21669633057679186, 0.9758287471358249]], "fy": 4772.2802734375, "fx": 4772.2802734375}, {"id": 20, "img_name": "020", "width": 2272, "height": 1704, "position": [-0.07844315592584147, -1.44526888899406, -0.11402602548423375], "rotation": [[0.9846978985948137, 0.13815757466415243, 0.10621926880692016], [-0.15798666227873356, 0.4504487411329852, 0.8787127779620223], [0.07355449031148957, -0.8820478536761075, 0.4653829829080442]], "fy": 4772.2802734375, "fx": 4772.2802734375}, {"id": 21, "img_name": "021", "width": 2272, "height": 1704, "position": [-0.2891786050056532, -1.5082923794855374, 1.5854639518892681], "rotation": [[0.9648589510965834, 0.16118035457773733, 0.20752854692064812], [-0.1316926402830096, -0.3868175299331353, 0.9127043590515592], [0.2273856921270347, -0.9079609528138435, -0.3519980897409623]], "fy": 4772.2802734375, "fx": 4772.2802734375}, {"id": 22, "img_name": "022", "width": 2272, "height": 1704, "position": [-0.4644719757742625, -0.6883914932318514, 2.556553372965167], "rotation": [[0.9510323952396719, 0.1136921380412463, 0.2874221302410492], [-0.05271404498968653, -0.8566117095833353, 0.5132617348541975], [0.30456298636820217, -0.5032797201878151, -0.8086723134757097]], "fy": 4772.2802734375, "fx": 4772.2802734375}, {"id": 23, "img_name": "023", "width": 2272, "height": 1704, "position": [-0.03173694740613196, -1.2534585168573358, -0.4183011549491513], "rotation": [[0.9891160377866037, 0.12096809415833878, 0.08376266464857064], [-0.1401457815701006, 0.60115127906409, 0.7867504684381915], [0.04481767175384363, -0.7899264901719067, 0.6115615393590877]], "fy": 4772.2802734375, "fx": 4772.2802734375}, {"id": 24, "img_name": "024", "width": 2272, "height": 1704, "position": [-0.2237503714673156, -1.6607359213045243, 0.9126625888638558], "rotation": [[0.9705273802047728, 0.16438199075633667, 0.17622475815799532], [-0.1690109714333118, -0.056996397617853044, 0.9839647870700232], [0.1717902669187884, -0.9847486845756999, -0.027534204517294335]], "fy": 4772.2802734375, "fx": 4772.2802734375}, {"id": 25, "img_name": "025", "width": 2272, "height": 1704, "position": [0.06660854959695149, 0.2952466288592025, -1.2216409791102034], "rotation": [[0.9993060653915224, -0.00712688429046946, 0.0365594747230345], [0.005519294771553905, 0.999021304802167, 0.043885873998360365], [-0.03683646368666021, -0.04365363755388002, 0.9983673847193606]], "fy": 4772.2802734375, "fx": 4772.2802734375}, {"id": 26, "img_name": "026", "width": 2272, "height": 1704, "position": [0.8484905795823764, -0.8774354537232935, -0.23510501939596815], "rotation": [[0.9224071687479851, 0.18108577756436015, -0.34113480650065237], [0.18717168377134763, 0.5630189476318502, 0.804969828876662], [0.33783394713457243, -0.8063607169074117, 0.4854385835428]], "fy": 4772.2802734375, "fx": 4772.2802734375}, {"id": 27, "img_name": "027", "width": 2272, "height": 1704, "position": [1.5247904361397935, 0.7072698007442068, -0.28758981964430125], "rotation": [[-0.036317144112368895, 0.6336657068950013, -0.7727540598073748], [-0.9982090343537611, -0.059785158045953884, -0.002111542552790046], [-0.047537235700589, 0.771293398638079, 0.6347020595832883]], "fy": 4772.2802734375, "fx": 4772.2802734375}, {"id": 28, "img_name": "028", "width": 2272, "height": 1704, "position": [0.782564984902146, -1.141277212280153, 0.07566933566737646], "rotation": [[0.9343238704563673, 0.19528581942298726, -0.2981649775337904], [0.20810504389145915, 0.3802547943608875, 0.9011651247537784], [0.28936343204069026, -0.9040297230168106, 0.3146411672044541]], "fy": 4772.2802734375, "fx": 4772.2802734375}, {"id": 29, "img_name": "029", "width": 2272, "height": 1704, "position": [-0.1352336350049481, 2.260222381549921, -0.009621474710527897], "rotation": [[0.9786915277119775, -0.15695300391349307, 0.13239580109401772], [0.18530471217980854, 0.3973338737295432, -0.8987702467433116], [0.08845935354022198, 0.9041523916628248, 0.4179514271080308]], "fy": 4772.2802734375, "fx": 4772.2802734375}, {"id": 30, "img_name": "030", "width": 2272, "height": 1704, "position": [-0.2644768703362271, 2.4173763507992305, 0.65487810646994], "rotation": [[0.9671123326513245, -0.16309889513794704, 0.19517296543961946], [0.20840989630691997, 0.0682656868919721, -0.9756562463872746], [0.14580483927172233, 0.9842451657986175, 0.10001201151361284]], "fy": 4772.2802734375, "fx": 4772.2802734375}, {"id": 31, "img_name": "031", "width": 2272, "height": 1704, "position": [0.4338967272405745, 0.42718957395995216, 0.6775871564105415], "rotation": [[-0.5514327938395546, -0.23659402418460931, 0.7999657127642633], [-0.6575023715755567, 0.7134559087606074, -0.24222158786345746], [-0.5134320843605531, -0.659548280245433, -0.5489841170511851]], "fy": 4772.2802734375, "fx": 4772.2802734375}, {"id": 32, "img_name": "032", "width": 2272, "height": 1704, "position": [0.00532622068782194, -1.0123826802594318, -0.6828844953631364], "rotation": [[0.9928125730456168, 0.0998745100790275, 0.06594146676421617], [-0.11820005491529398, 0.731907550710865, 0.6710738291950027], [0.01876011248802854, -0.6740448200593908, 0.7384521912287484]], "fy": 4772.2802734375, "fx": 4772.2802734375}, {"id": 33, "img_name": "033", "width": 2272, "height": 1704, "position": [0.9511880666782156, -0.10573532309315041, -0.6938091545044663], "rotation": [[0.8998970940778507, 0.11088498257045318, -0.4217697721631911], [0.10816001314965823, 0.8801692439757893, 0.46217260143214195], [0.42247678235106084, -0.4615264050944844, 0.7800684237775917]], "fy": 4772.2802734375, "fx": 4772.2802734375}, {"id": 34, "img_name": "034", "width": 2272, "height": 1704, "position": [-0.023163295325834932, 1.8658109223352688, -0.5956788479403149], "rotation": [[0.9882403110255417, -0.13120739018287444, 0.0785220250983075], [0.14782207207442938, 0.688425524995928, -0.7100837496673919], [0.039111669253082244, 0.7133406740789981, 0.6997252032282085]], "fy": 4772.2802734375, "fx": 4772.2802734375}, {"id": 35, "img_name": "035", "width": 2272, "height": 1704, "position": [-0.438229169170859, -0.9431331347642661, 2.358007198661258], "rotation": [[0.9515858552027849, 0.13252981462787786, 0.2773449267837517], [-0.07906056764236677, -0.7663957386925153, 0.6374849004941374], [0.29704172572561427, -0.6285486615598299, -0.7188134620534696]], "fy": 4772.2802734375, "fx": 4772.2802734375}]